[gd_scene format=3 uid="uid://cvr2x3i2lgvfb"]

[node name="Hud" type="CanvasLayer"]
layer = 2

[node name="LeftMirror" type="SubViewportContainer" parent="."]
offset_left = 1023.0
offset_top = 1.0
offset_right = 1151.0
offset_bottom = 129.0
grow_horizontal = 2
grow_vertical = 2
size_flags_horizontal = 8

[node name="Subviewport" type="SubViewport" parent="LeftMirror"]
handle_input_locally = false
size = Vector2i(128, 128)
render_target_update_mode = 4

[node name="Node3D" type="Node3D" parent="LeftMirror/Subviewport"]
transform = Transform3D(0.949725, -0.000373502, -0.313086, -0.0228441, 0.997251, -0.0704858, 0.312252, 0.0740942, 0.947106, 0.499533, 0.927667, -0.0768304)

[node name="Camera3D" type="Camera3D" parent="LeftMirror/Subviewport/Node3D"]
current = true

[node name="RightMirror" type="SubViewportContainer" parent="."]
offset_right = 128.0
offset_bottom = 128.0
grow_horizontal = 2
grow_vertical = 2
size_flags_horizontal = 0

[node name="Subviewport" type="SubViewport" parent="RightMirror"]
handle_input_locally = false
size = Vector2i(128, 128)
render_target_update_mode = 4

[node name="Node3D" type="Node3D" parent="RightMirror/Subviewport"]
transform = Transform3D(0.949725, -0.000373502, -0.313086, -0.0228441, 0.997251, -0.0704858, 0.312252, 0.0740942, 0.947106, -0.69061, 0.686293, 0)

[node name="Camera3D" type="Camera3D" parent="RightMirror/Subviewport/Node3D"]
transform = Transform3D(0.816828, 0.0364964, 0.575726, -0.0448465, 0.998994, 0.000299178, -0.575136, -0.0260637, 0.817643, 0, 0, 0)
current = true

[node name="MiddleMirror" type="SubViewportContainer" parent="."]
offset_left = 432.0
offset_right = 688.0
offset_bottom = 128.0
grow_horizontal = 2
grow_vertical = 2
size_flags_horizontal = 4
size_flags_vertical = 0

[node name="Subviewport" type="SubViewport" parent="MiddleMirror"]
handle_input_locally = false
size = Vector2i(256, 128)
render_target_update_mode = 4

[node name="Node3D" type="Node3D" parent="MiddleMirror/Subviewport"]
transform = Transform3D(1, 0, 0, 0, 1, 0, 0, 0, 1, 0.026488, 1.04513, 0)

[node name="Camera3D" type="Camera3D" parent="MiddleMirror/Subviewport/Node3D"]
current = true

[node name="speed" type="Label" parent="."]
offset_top = 573.0
offset_right = 1152.0
offset_bottom = 642.0
theme_override_font_sizes/font_size = 50
metadata/_edit_use_anchors_ = true
